"Gene_id" "tag" "log2_aFC_mean" "log2_aFC_se_mean" "log2_aFC_sd" "log2_aFC_0.5%" "log2_aFC_2.5%" "log2_aFC_25%" "log2_aFC_50%" "log2_aFC_75%" "log2_aFC_97.5%" "log2_aFC_99.5%" "log2_aFC_d" "null.99" "Signif" "n_eff" "Rhat" "model" "nhets" "ASE.hets" "tag.EAF" "n.fsnps" "PEP" "min_AI"
"ENSG00000159958" "42312807:G:A" 0.428655302910223 0.00527699263404984 0.129318036611156 -0.00185257112698996 0.0499212262054215 0.373371826970018 0.443434694495115 0.510310921438418 0.632779605065363 0.684373523227502 0.686226094354492 "yes" "no" 600.544547957782 1.00512955390954 "NB-ASE" 14 13 0.0795228628230616 "1" 0.0055 0.487855350629866
"ENSG00000159958" "42324725:G:A" -0.0180069661451964 0.00231549473406217 0.0576033300092506 -0.335469583326123 -0.117881679199362 -0.0448877805438082 -0.0145040126806471 0.0154879851657288 0.0738387236418344 0.0991388214214344 0.434608404747557 "yes" "no" 618.881620916686 1.0058520059249 "NB-ASE" 7 6 0.0248508946322068 "1" 0.37075 0.487855350629866
"ENSG00000159958" "42330229:T:C" 0.0468785422776559 0.000868542689397929 0.0456633847107272 -0.0588376733174215 -0.0341034125920315 0.0174924267891927 0.0453686426079327 0.072102382361753 0.139274963842052 0.220622481562387 0.279460154879809 "yes" "no" 2764.10069973972 1.00065915446982 "NB-ASE" 31 29 0.201789264413519 "1" 0.13675 0.487855350629866
"ENSG00000159958" "42326181:G:A" -0.0107974523730936 0.000811244946198646 0.0446102686845869 -0.164171381773196 -0.0951605949391815 -0.0383096382554289 -0.00979142129831453 0.0180144781645406 0.0710587318784543 0.0936092472653552 0.257780629038551 "yes" "no" 3023.88777582077 1.00062300483337 "NB-ASE" 15 15 0.114314115308151 "1" 0.3995 0.487855350629866
"ENSG00000159958" "42315790:C:T" 0.0358623982066181 0.000667023126516545 0.0416584948650524 -0.0665861537907169 -0.0425543202045642 0.00919592414971669 0.0346142719985412 0.0612334277109381 0.118000580006052 0.18615256445898 0.252738718249697 "yes" "no" 3900.54565854963 1.00032659696117 "NB-ASE" 33 32 0.210735586481113 "1" 0.179 0.487855350629866
"ENSG00000159958" "42327498:T:A" -0.00194156245168695 0.000632034302956868 0.0465889180734368 -0.127232305546536 -0.0917842031125026 -0.0330484773168346 -0.00169507062988934 0.0286557977705606 0.0890503467649732 0.116796059883503 0.244028365430039 "yes" "no" 5433.55353647176 0.999541890652429 "NB-ASE" 10 7 0.0765407554671968 "1" 0.484 0.487855350629866
"ENSG00000159958" "42321251:A:G" 0.030391289335057 0.000631218162023577 0.0405440532896967 -0.0728499856779039 -0.0459479150175311 0.00333311377806648 0.0298745900932519 0.0559024426774947 0.109226046108675 0.15847653237426 0.231326518052164 "yes" "no" 4125.67824851639 1.00071126985053 "NB-ASE" 35 35 0.225646123260437 "1" 0.2235 0.487855350629866
"ENSG00000159958" "42320153:G:C" 0.00535903037970977 0.000483898095237125 0.0433218082386618 -0.112566226185607 -0.0770045207422205 -0.0226328141703925 0.0055250047830739 0.0335115087021711 0.0878205804920973 0.118256874296387 0.230823100481995 "yes" "no" 8015.03320833312 0.999669076687325 "NB-ASE" 12 5 0.0894632206759443 "1" 0.44225 0.487855350629866
"ENSG00000159958" "42311097:G:A" -0.00293107069173432 0.000507443914177316 0.0403059543408549 -0.112982505477575 -0.0842574708776075 -0.0293565246976181 -0.00293780684646418 0.0230779380756255 0.0782693645961531 0.107319047936437 0.220301553414012 "yes" "no" 6309.02604810121 0.999878818920448 "NB-ASE" 27 14 0.246520874751491 "1" 0.46775 0.487855350629866
"ENSG00000159958" "42314392:C:T" 0.0210215302844748 0.00564111995730331 0.0950603525442946 -0.100869760485957 -0.0742758335509255 -0.0195543413138282 0.0110268211263539 0.0413212462391077 0.123139554817073 0.704512562149547 0.805382322635504 "yes" "no" 283.967194761218 1.01310525057938 "NB" 6 NA 0.0228628230616302 "NA" 0.401 NA
"ENSG00000159958" "42326817:C:G" -0.0124376744305889 0.00222687150680166 0.0657577947619419 -0.381324921654985 -0.109223179397635 -0.0412074192219899 -0.00876644527053399 0.0219209097719627 0.0814748440884589 0.115162150278802 0.496487071933787 "yes" "no" 871.975261479463 1.00478585831604 "NB" 5 NA 0.0387673956262425 "NA" 0.4275 NA
"ENSG00000159958" "42320153:G:A" 0.00248592457559626 0.0023890958827894 0.05854797581862 -0.140797481517755 -0.0913650648952171 -0.0293305635215946 0.00124725482784998 0.031191291366857 0.0942855071075284 0.31036872765058 0.451166209168336 "yes" "no" 600.560286248663 1.00478084540189 "NB" 7 NA 0.0248508946322068 "NA" 0.48925 NA
"ENSG00000159958" "42325017:G:A" -0.00452272082908874 0.00144189060781319 0.056673055497035 -0.282456156154199 -0.0965172925326448 -0.0342140205298905 -0.0033467844476486 0.0275698742769175 0.0868331662466371 0.144140266958343 0.426596423112542 "yes" "no" 1544.85822764752 1.00111781446946 "NB" 5 NA 0.0218687872763419 "NA" 0.464 NA
"ENSG00000159958" "42311204:G:T" -0.00216799325582056 0.00162260951005613 0.0576564312098474 -0.193019271872652 -0.0947768732979278 -0.0320623671427343 -0.0020505760021814 0.0299897617374971 0.0902737615384501 0.13175229714108 0.324771569013732 "yes" "no" 1262.60492838713 1.00045569821056 "NB" 8 NA 0.0328031809145129 "NA" 0.4835 NA
"ENSG00000159958" "42331208:C:T" -0.000162020365357624 0.00168944407755067 0.0594635577422829 -0.131563983426677 -0.0942594506434267 -0.0299374990923767 -0.000214185665223701 0.0303336047208425 0.0941017509737011 0.149088765078373 0.28065274850505 "yes" "no" 1238.83691510097 1.00325015736544 "NB" 8 NA 0.0268389662027833 "NA" 0.49875 NA
